22 2 60 0 64 0
0 0 0 93 0 38
18 0 52 66 20 65
66 39 94 0 86 0
0 0 25 26 2 46
0 0 0 34 0 28
0 0 0 71 0 41
0 0 0 23 0 32
0 0 0 71 0 3
0 0 0 61 24 0
0 0 0 63 0 0
14 0 20 0 28 16
0 0 0 63 0 6
0 3 0 22 0 6
42 30 25 23 81 45
9 3 0 15 25 3
0 0 2 9 7 62
19 19 23 24 26 11
0 0 0 13 0 0
0 4 26 52 9 16
0 0 0 60 0 10
30 28 50 49 31 37
34 52 46 6 39 0
0 0 34 33 0 37
42 40 39 0 41 16
0 0 28 84 13 63
0 8 23 0 26 0
14 11 7 67 21 0
21 14 12 25 0 52
61 51 65 0 52 21
12 6 0 0 0 16
0 0 0 45 0 15
0 0 0 43 0 32
5 0 0 3 5 36
0 0 0 83 0 0
11 0 6 0 10 41
45 44 0 14 18 26
39 22 6 0 68 27
31 39 67 0 33 0
25 0 32 0 32 7
0 13 23 0 9 3
0 0 0 0 16 10
0 0 0 0 0 0
6 6 33 6 88 0
46 39 41 0 77 0
15 0 5 0 21 0
34 0 48 0 71 0
0 0 5 34 16 6
1 5 55 0 42 23
0 0 8 32 28 0
39 31 4 0 33 0
7 8 7 0 4 0
3 0 0 0 0 16
0 0 0 70 0 6
0 0 10 63 16 0
24 0 44 0 50 0
0 0 0 17 0 17
0 0 0 12 0 9
6 0 6 0 6 19
37 9 57 0 66 21
54 47 6 0 59 16
39 0 56 0 57 0
45 38 75 0 53 0
0 0 3 21 0 47
0 0 0 9 16 12
0 0 0 30 0 6
0 0 5 24 0 25
0 0 68 0 23 6
5 0 60 0 71 0
0 1 0 2 0 13
0 0 0 26 0 6
0 0 9 14 24 6
3 0 16 0 26 20
6 16 2 0 42 0
8 0 0 54 21 0
0 0 0 87 0 0
70 74 70 0 51 0
24 0 16 0 85 0
0 0 0 20 0 17
0 0 0 10 0 16
52 64 50 0 43 0
0 0 31 0 12 0
18 0 16 3 27 0
0 0 0 44 0 0
25 0 0 27 27 0
0 0 0 0 0 0
0 0 0 30 0 34
0 0 44 0 17 35
9 0 23 0 66 12
0 0 0 91 0 0
0 0 0 31 0 0
43 40 10 0 50 0
0 0 0 44 0 0
46 27 31 0 53 4
0 0 0 89 0 13
6 0 0 0 29 0
1 0 5 0 5 0
34 2 18 18 17 0
0 0 9 38 0 6
25 24 6 21 13 13
6 0 50 0 22 0
47 55 0 21 33 3
55 56 40 0 54 24
0 0 0 67 0 15
0 0 0 62 0 16
0 2 0 11 3 29
0 0 5 75 14 57
0 0 29 38 0 0
0 0 0 86 0 0
12 3 5 0 8 3
4 0 0 0 0 8
0 0 0 0 25 0
10 7 0 0 10 3
0 0 66 0 10 0
5 10 22 0 10 0
28 30 0 27 44 0
8 8 0 36 3 0
0 1 0 2 0 0
24 22 0 34 25 0
9 18 0 0 14 0
0 0 0 0 0 0
0 0 0 56 0 17
4 0 2 0 4 24
21 20 84 0 25 0
5 0 0 38 38 0
54 31 3 0 40 3
43 66 17 0 37 0
52 33 57 12 40 0
0 0 0 4 0 0
0 0 0 29 0 26
34 8 0 0 0 22
0 0 6 45 0 0
0 0 0 21 0 6
16 0 32 0 57 0
54 48 67 0 39 0
54 43 43 0 43 15
61 32 23 0 44 0
37 33 26 0 33 0
0 0 0 30 33 33
0 0 0 33 0 15
49 11 45 8 35 0
52 42 75 0 59 0
63 45 58 0 54 0
51 62 57 0 58 17
0 0 0 8 0 1
15 0 43 0 68 11
29 29 33 0 33 0
18 0 0 50 28 0
20 0 0 15 0 20
0 0 0 20 14 27
0 0 0 0 0 0
0 4 0 40 2 21
0 0 25 8 0 39
23 0 47 0 39 0
0 0 11 4 71 0
49 33 46 0 67 38
59 41 6 0 62 13
7 0 47 0 28 13
0 0 32 24 32 0
33 33 33 0 38 9
0 0 0 33 0 36
3 0 0 0 28 0
25 2 7 30 0 26
13 2 38 0 36 0
34 17 49 0 0 21
39 37 56 0 35 6
32 33 41 0 31 0
26 30 0 4 28 0
0 0 0 87 0 16
33 0 16 0 91 47
10 9 19 0 43 0
0 0 0 49 0 0
0 0 0 64 0 0
0 0 0 10 0 10
0 0 9 0 93 0
11 0 0 14 31 0
0 0 0 72 0 42
0 0 0 67 0 51
0 0 86 0 10 0
37 35 95 0 37 0
0 4 0 0 40 6
0 0 0 13 0 3
28 4 61 0 28 62
39 39 62 12 66 9
31 36 0 28 33 20
0 0 0 0 5 5
3 3 0 54 0 10
13 13 0 0 5 21
0 0 0 8 0 11
4 20 0 3 0 10
6 6 6 0 22 10
0 2 0 25 0 47
4 4 17 32 0 25
59 26 27 0 89 22
6 6 0 3 0 13
50 38 62 0 54 0
22 7 35 0 76 0
30 0 85 0 37 0
0 0 0 45 0 21
15 16 0 0 0 0
2 0 14 8 55 0
29 27 37 0 73 2
0 0 0 0 33 3
2 0 0 0 3 5
0 0 36 0 39 10
23 21 28 0 33 0
7 0 0 2 0 0
0 0 0 30 0 16
28 31 69 0 58 0
4 7 0 0 27 3
5 5 0 4 0 0
26 6 30 6 66 0
25 26 8 0 83 0
50 59 4 0 42 0
40 27 0 0 33 14
0 0 4 10 0 66
7 29 13 0 33 19
0 0 8 5 0 16
0 0 0 25 0 26
0 20 0 41 0 17
0 0 0 17 0 2
0 0 0 49 0 0
0 0 0 0 0 2
0 0 0 0 0 9
15 10 0 6 13 11
4 23 0 0 28 0
3 0 0 6 13 5
4 33 26 0 37 0
3 0 56 0 43 0
0 0 0 29 0 6
0 0 0 44 0 17
0 0 24 0 49 20
0 0 0 86 0 11
0 0 0 77 0 36
0 0 0 67 0 39
0 0 0 18 0 2
12 35 0 4 3 0
0 0 0 93 0 17
55 0 0 0 15 3
10 0 0 0 0 2
13 0 10 27 21 0
0 0 0 54 0 6
21 0 26 0 75 0
50 33 43 0 76 0
0 0 0 0 0 45
33 33 42 0 44 33
0 0 0 89 0 10
0 0 0 48 0 29
33 43 61 0 33 0
0 16 0 0 12 0
